10,253
10,257
10,129
10,17
10,9
10,85
10,287
10,143
11,21
11,15
11,29
11,5
11,17
8,7
8,14
8,13
8,10
24,3
24,1
21,3
21,2
21,1
21,0
12,3
12,2
12,1
11,27
11,23
20,2
11,19
20,1
20,3
11,9
11,7
11,3
11,2
11,1
10,247
19,2
19,1
10,235
19,3
10,233
10,219
10,189
10,83
10,11
10,7
10,3
10,2
10,1
9,7
9,5
9,3
9,2
9,1
8,17
8,16
8,15
8,9
8,8
8,6
8,5
8,4
8,3
8,2
8,1
7,13
7,12
7,11
7,10
7,9
7,8
7,7
7,6
7,5
7,4
7,1
6,7
6,6
6,5
18,1
6,4
18,3
6,1
4,88
4,87
4,86
4,85
4,84
4,83
4,82
4,81
4,80
4,79
4,78
4,77
14,1
14,3
4,76
4,75
4,74
4,73
4,72
13,1
13,3
4,71
4,70
4,69
