26,1
26,3
10,13
10,81
10,21
10,31
10,195
10,251
10,183
9,5
8,13
8,11
8,16
8,7
8,6
8,2
8,3
12,3
12,2
12,1
11,29
11,28
11,27
11,26
11,25
11,24
11,23
11,22
11,21
11,20
11,19
11,18
11,17
11,16
11,15
11,14
11,13
11,12
11,11
11,10
11,9
20,2
11,8
11,7
20,1
20,3
11,6
11,5
11,4
11,3
11,2
11,1
11,0
10,308
10,306
10,294
10,282
19,2
19,1
19,3
10,272
10,258
10,248
10,232
10,226
10,216
10,202
10,196
10,170
10,128
18,1
18,3
10,74
10,66
10,1
10,14
10,3
10,2
9,7
9,6
9,4
9,3
9,2
9,1
8,18
8,15
46,1
46,3
8,14
2,2
2,1
2,3
8,12
8,1
8,5
13,1
13,3
